535.798	699.3014
888.201	-884.5834
55.7996	383.5228
506.2207	-147.8014
-19.9902	-498.573
213.9466	-531.0255
136.6045	-392.3237
847.8407	621.7372
536.1297	-68.6356
130.0202	-691.5277
-939.9327	-259.8788
569.2047	359.1494
-974.0499	257.1547
566.2354	-484.0423
-1.3791	232.3524
576.0451	-691.4127
-392.9514	-778.2598
87.7232	276.4223
921.5345	-243.5415
-976.2939	355.3354
-513.0032	-371.3391
784.241	-59.6927
944.8728	-100.4904
3.5684	653.6405
730.7397	-897.4294
-249.8308	-860.019
492.8234	186.4302
-905.538	707.4898
-570.8387	-808.0862
-597.7206	9.5
725.0865	925.6199
-495.1966	-279.1333
116.7251	-699.7814
204.8036	275.5972
-828.4954	-930.7787
-979.4075	738.6614
824.0619	-444.5455
443.1775	290.3592
453.7497	393.0083
510.4437	922.4128
-267.0952	519.275
244.977	-224.8448
748.8129	-142.951
832.2356	-324.4287
97.2895	-138.6104
-190.1426	957.3437
427.3748	-816.7758
152.5191	-42.6644
-972.5732	90.3479
-984.8725	101.0207
975.0658	858.006
-351.0956	587.4025
-493.7672	-671.2826
377.8126	-601.6593
179.6707	-145.1353
747.0039	-321.68
-9.1412	-251.5463
894.1243	582.051
-548.3891	240.1991
-454.7517	-560.8655
104.3356	-990.6761
-366.1029	650.416
-246.8491	-791.2158
-860.8963	874.8403
-887.497	-576.6504
-988.3978	17.9687
173.6479	103.3262
-856.8877	-217.2083
-19.5973	-481.1251
-573.8755	-617.337
102.9084	2.5976
-40.4666	-199.2515
723.1479	859.9914
-21.7507	86.2211
-683.7584	447.3349
994.7214	-911.9437
778.705	-886.8465
-232.5975	-234.5251
-994.6235	190.6968
975.8814	870.9744
-866.7099	-862.2881
15.3435	467.4165
-555.6163	-595.7357
665.4916	-194.4052
-565.651	-829.7669
-447.4136	-684.0659
719.8861	-908.3553
-688.1516	-344.8797
-303.4503	-716.6351
175.9931	262.1349
-487.1672	303.7284
-82.9662	573.2975
576.7619	-282.7626
564.5397	-335.2038
-820.6938	81.9452
828.7394	-870.8251
-963.7277	597.6394
355.0761	647.0858
-838.3608	-61.4506
-274.6762	823.6639
823.8979	-889.2942
-624.3279	-558.7788
-433.7917	-681.9381
762.1634	518.007
-333.1708	544.65
190.3309	-960.085
678.6645	983.1029
-928.8798	167.6288
966.0212	-855.5629
665.954	-71.5676
-806.5503	592.4965
249.5793	-467.9186
-115.6337	648.0689
580.5775	-229.7002
371.7839	-456.5986
-809.3468	-428.6884
-320.4596	-558.4617
-805.8482	-149.9216
685.1052	-819.3888
-7.3569	-834.2994
108.9069	-182.4571
-604.7097	878.7364
834.6808	290.1314
-718.5572	-858.7771
-605.7057	-586.23
681.575	-383.8807
707.7022	-754.705
-812.8059	767.5428
-491.1354	192.6339
663.2313	-56.1954
-508.1918	-674.8246
227.3017	891.0494
-780.3707	-519.9187
456.9216	339.5812
-499.2395	-898.9493
-12.1066	-72.1294
-617.5314	-738.3038
276.2656	562.0861
-916.4892	317.9749
-543.2577	549.7991
681.8757	-429.1821
-680.2235	-496.3746
-965.5924	762.3602
-379.9069	305.0207
845.3115	-354.468
568.5088	460.527
-751.4676	94.2135
-135.3328	-306.5463
-139.3923	-538.1768
-466.2351	-937.1491
814.5202	-161.3646
-981.74	-957.0792
-417.5492	704.2174
661.7394	-830.6031
-830.9752	-44.1895
518.2601	-226.7906
-395.703	194.7307
276.0564	-711.9416
493.0313	-185.8056
-447.0725	-318.1141
735.607	-897.8888
-746.4522	368.3993
-200.392	740.928
783.3213	250.0269
-257.7643	748.6738
-829.5792	218.9173
728.8685	712.4089
185.5551	494.1444
-635.2319	-386.6751
565.4152	-431.533
595.7859	-118.523
42.2496	831.4689
-264.0636	703.0959
36.8581	520.8308
264.4402	-738.5163
982.3843	-126.242
-497.2523	-133.6759
-773.9369	-678.3674
-303.075	-643.8602
942.6656	-788.9818
-400.8093	-995.0261
-46.611	-563.0732
577.7415	709.7575
-954.5388	-337.9692
405.8922	891.8316
79.7292	-584.8642
274.073	951.3562
-203.2541	79.179
678.8729	60.9469
50.9353	148.9274
976.5178	246.5317
-935.748	-718.2052
563.8257	-543.336
252.8885	-109.3246
253.8492	409.9329
157.1111	-981.0939
699.5288	969.9766
-512.4336	689.626
-488.4722	666.3557
372.4823	584.6639
-953.9648	98.3918
399.0183	-835.5981
930.417	-205.7125
-771.3607	-679.7216
575.3957	-224.7795
-512.2452	342.358
-851.1709	687.4254
505.2845	-232.6424
494.0832	-307.3574
402.8022	-616.405
-658.253	175.3032
-901.9041	770.5099
444.1287	-895.8653
647.6864	-923.1032
939.2402	683.5297
44.9072	74.3693
696.0438	847.1944
588.6075	269.9922
332.4273	192.2196
606.6756	872.7398
-665.9242	-571.1092
-999.1025	-381.4774
704.9022	551.1989
-140.4699	-207.2431
-781.9301	-93.3811
741.2293	-163.4479
779.4994	246.783
-890.8877	95.8934
-15.6761	86.1159
573.6957	-455.1842
-361.8203	-64.6124
-656.3446	883.4982
258.3583	270.5356
828.761	833.6203
295.0741	-178.4696
-332.8999	-252.5572
978.4797	-904.1604
598.5488	35.1856
795.9423	-118.7325
540.8601	-874.1045
-138.1723	248.5349
878.5568	310.4255
723.7679	675.0533
698.0637	-567.7106
134.3157	-139.4235
250.6206	972.7334
387.1608	954.2451
162.9148	650.8178
541.4586	970.5152
55.2886	-997.4204
-27.9461	858.8138
625.9628	120.7607
-849.5858	-885.3083
-969.565	154.6938
856.2424	-970.6805
665.7553	-987.128
-826.1106	-198.4887
-389.8965	-735.2253
-611.6081	-761.9814
-238.5296	631.7332
49.4007	241.2591
660.3717	-368.6434
-870.0398	747.7522
367.8845	934.5212
219.638	312.2731
-148.2772	-741.6222
-571.9608	-387.6879
-466.0923	703.9101
-102.8233	-503.9474
-340.5773	51.439
-971.9112	777.043
830.5182	576.736
62.9478	522.9714
-324.7997	-971.4692
728.4034	-791.798
-411.8882	329.3097
-913.2337	-284.242
738.9117	-152.296
390.8646	290.2687
-111.4625	45.1599
-469.5821	-840.0908
-597.5077	671.2741
62.9359	940.4368
-838.1637	646.74
939.9278	517.5776
591.128	237.1233
-471.4993	873.9926
940.447	911.6882
-45.3634	573.4775
54.5721	727.0212
-764.4688	752.4302
345.858	-354.8522
772.1188	-784.0939
-38.3087	-579.2953
219.6553	571.1142
818.1841	-873.663
-316.5603	190.085
-790.297	830.9872
-405.7318	652.2627
480.7844	-660.994
-574.4316	609.4334
819.2999	-391.4711
-320.2911	987.8381
-267.8354	-956.3326
601.1981	188.8357
460.6004	-754.5074
-934.0948	804.4336
899.3542	-872.3471
454.5	-187.2504
859.6762	879.0575
-119.0986	492.2511
-678.466	-999.4203
246.1927	-961.9684
452.9129	89.2193
547.6828	611.8155
-810.0045	-375.0262
-187.6303	899.6701
-412.3829	826.3188
313.0301	-307.2889
-599.1311	-159.3149
530.8316	-120.0932
242.2811	-228.2732
-365.7459	-213.6089
891.2715	-765.2438
753.318	812.0766
-830.8158	-713.4187
-756.2094	-605.9153
-363.8458	452.0895
-880.1895	816.3195
-616.2984	843.6651
-426.2807	-733.4746
-334.8647	-319.7132
-147.4494	943.9359
51.3659	-285.6759
275.2161	113.6194
20.2317	960.1673
-470.3599	-270.5276
-552.4722	382.6319
379.3192	730.6261
-18.6279	998.411
-330.6857	189.9149
-796.9089	402.3596
-277.1661	520.4692
347.7298	275.3073
159.3524	-605.5683
-863.3503	540.1435
642.2485	317.1945
827.6342	-34.41
968.2276	-505.0883
871.8572	-79.5543
-393.958	-820.2563
773.099	108.7221
-575.8565	95.7028
402.5813	-206.5208
-373.5873	-633.4765
344.5116	694.5704
-731.7136	-776.0092
793.5021	189.4825
-453.7127	-823.0303
6.984	154.8587
947.9667	-276.3423
-867.9375	-656.1378
-561.7419	221.4256
652.8553	965.7559
-554.514	395.233
-811.0851	-494.7133
178.5409	-204.8378
579.3463	-869.9133
218.3299	-748.0497
-885.4245	-114.6592
-419.4029	742.2037
-751.1888	-699.0105
504.2573	-646.9351
236.0801	241.1142
410.592	326.9394
810.8345	316.4816
-291.6513	737.7406
-929.6539	-976.94
640.5421	685.8808
557.9543	-698.5129
382.8722	-89.6667
266.6256	-737.4052
885.708	896.5321
239.801	-615.5103
-654.2656	182.7029
-291.2364	133.734
-199.1099	-156.9732
819.8546	21.4691
-328.5947	-498.0227
-438.0161	804.6389
465.0525	274.7373
611.6509	804.1674
980.4515	-980.9822
862.6299	796.0291
-497.0041	621.208
206.7837	-121.7497
644.3205	94.5203
-112.5853	-623.5315
827.8127	-528.7811
376.0747	-357.566
-808.596	-493.2599
8.7716	444.7418
-951.0441	504.7159
-101.4165	899.4671
739.0464	231.4404
-729.8575	-487.6524
-658.0845	-501.0162
861.4257	-42.0243
-899.0543	-271.3103
204.8963	145.7468
-436.8111	-268.6969
-473.1646	262.6987
-613.6089	193.5546
14.009	-756.0644
982.4615	449.9315
291.0106	-574.1252
476.407	-243.0473
290.8036	-964.344
-944.783	-649.5454
98.952	526.9829
534.019	607.0525
-928.1717	-313.2653
-217.7272	-115.7213
644.7969	-159.1529
-273.0217	352.7795
360.961	-15.5253
-11.9795	160.0606
-734.3109	279.684
-645.9088	831.1162
188.0665	819.3324
-102.5521	143.9106
349.3636	-674.054
27.8527	-864.5107
-854.7197	-90.1253
-261.9302	-514.0865
421.9004	806.5355
171.1832	-851.3101
-327.9688	-154.1473
-46.4542	289.8817
-446.5607	-235.4093
-622.4548	-160.5271
-338.1895	-288.9966
664.9795	-368.7409
897.3354	-76.46
-408.6947	-987.9421
-539.6184	-955.7067
-302.387	495.1954
-421.2237	-796.1175
-620.2503	766.3539
710.0533	740.8387
98.2626	-21.9109
-540.8796	-187.3209
604.5656	-607.785
-404.8772	822.8463
534.3755	197.3704
183.2601	-981.1169
992.1381	657.2365
-147.0562	-689.0761
460.1255	956.9715
-244.7122	952.0992
-346.9728	-588.0149
-296.1356	-436.4482
458.9789	810.8058
730.3115	-105.0058
-18.5068	53.5562
580.3414	-430.0314
648.5156	220.8899
65.6982	-612.1926
-610.1636	-406.2434
-915.9634	644.8467
-260.0692	223.7035
-578.1183	-74.948
-398.8273	-956.0534
-916.8335	-517.6754
-503.1032	-56.5435
422.1937	-479.671
391.423	769.694
-976.318	472.7533
-357.7066	-301.1067
594.1683	903.8878
-704.381	-422.6363
-358.2494	401.0613
455.6656	-589.1623
-299.0533	769.1657
-675.0381	-349.82
17.9011	714.7884
91.2806	-600.1127
186.9116	169.4513
-882.6466	-741.3476
-829.2659	295.6585
316.6998	953.8506
-72.9696	383.3054
-60.7735	-50.1499
333.0453	726.5193
466.9013	-419.9644
-604.5623	368.0752
172.7601	-624.2197
386.252	807.1588
919.8915	-325.5917
-821.2564	37.038
413.6625	-987.0452
169.5293	-485.3835
-235.3415	-51.3281
-108.3696	166.3014
621.8589	843.9738
-237.3493	-998.2445
337.4877	-598.0472
-646.1698	479.6214
-128.8084	385.8458
-66.4103	-229.3573
70.2468	-870.568
-192.6225	-717.0057
322.3609	22.8904
-866.1353	-267.7197
612.0676	791.8442
78.2507	457.5891
-597.9717	-778.4258
-747.8792	-768.6007
52.3071	631.4401
851.778	826.3761
102.8408	-374.0409
569.1497	-215.588
132.8155	57.9585
-943.1865	540.1084
-539.9984	926.9192
-896.2668	781.556
-539.2006	-692.5238
-187.5459	240.8781
411.3696	-604.2696
877.3871	-573.465
-451.5883	-446.7834
694.9806	681.63
-920.6604	-710.3891
776.581	-715.6585
-632.9023	147.3763
-984.7157	920.5904
-493.6327	76.2072
649.1846	-889.9671
-630.3339	624.8978
524.6409	-210.2399
413.5909	92.1551
56.017	669.0026
877.0557	-943.1203
757.5703	505.493
-907.4701	571.3172
762.7744	502.1194
297.3682	-478.2546
-334.5652	-973.1322
-360.8043	-776.3165
898.7684	-453.2963
357.2419	622.2424
-861.2679	-948.3666
-762.8673	667.1917
-105.213	-8.3996
-382.623	-118.4217
518.4708	-383.3298
480.9615	-749.2502
-930.5692	385.7111
603.6845	511.291
-559.8946	-628.4113
962.6246	-298.8827
-904.2736	-607.0158
-376.2776	-440.6212
-663.0214	-324.2111
449.9478	-428.913
-118.342	-262.9626
-123.4171	-756.1803
387.3699	-889.9703
-760.6047	-966.1613
295.1047	-784.7899
-747.4422	138.2986
-832.3526	171.4631
-684.3712	211.7403
359.2997	-20.2125
-162.0039	-171.9779
-602.6151	533.9507
-41.883	392.9019
-333.1463	310.2332
-956.0257	-818.5317
805.6658	-122.3058
938.3529	-647.3209
337.1987	-681.7806
206.4284	-650.7267
-960.7545	-333.8127
779.6008	168.9551
-125.0867	-737.5685
-487.6237	275.549
669.7868	-463.0631
403.3323	386.2279
28.9712	-532.9088
-235.4795	601.3851
715.7913	-444.5719
-871.5002	-645.4836
-793.5057	-501.0563
300.7088	172.6422
-206.8969	878.2947
-682.2073	572.6675
-3.4258	13.1976
609.092	925.6772
649.8721	-204.2753
489.9453	-857.2649
-683.0352	712.5206
736.5516	837.507
-787.5042	234.4461
28.2861	392.8677
-734.1611	991.6962
401.3024	-609.1284
582.3277	736.7707
981.324	-987.7189
-510.7261	-491.3375
-790.0926	559.1295
-304.2706	162.837
-727.7142	-663.1943
-239.7264	62.242
-767.8557	91.1797
-263.9559	913.2251
-970.2256	841.2767
269.429	881.0189
-560.303	174.3896
-482.4431	237.6169
-17.3902	-303.4788
924.279	562.2133
719.0321	510.5597
-985.5125	-195.1616
354.9358	-258.2125
-437.3468	-805.0948
721.2372	725.6702
-435.5183	-576.5101
-988.3488	-919.3613
-647.4992	-362.2753
-909.8781	-834.8433
61.6089	16.5552
474.0074	-456.0563
-17.4405	799.6224
-448.7176	271.8316
78.3083	247.3177
-38.3142	-646.5693
-135.8632	-688.4345
654.5818	474.4195
208.8485	226.3574
249.8774	293.0704
-345.3543	974.5828
-96.5297	-118.288
409.654	286.5994
705.4004	594.063
-827.3372	895.3318
-894.193	-566.1809
-778.2184	204.1598
-395.128	750.3326
540.4185	923.6626
98.578	302.3881
998.9915	-457.0741
-690.829	-634.3141
-45.7727	-508.4009
-456.023	-653.3823
210.5515	446.5957
501.9299	679.8584
-386.4648	702.8256
633.6199	656.0567
-961.053	-255.6136
-662.8205	-140.618
-414.3922	-367.889
473.0592	681.8018
-849.4089	51.2848
21.0673	-944.7459
793.079	6.5784
975.0805	908.0797
216.8757	718.6498
480.117	-161.5172
-636.5111	248.293
611.1786	829.2915
852.9251	742.7939
7.404	535.1492
316.85	997.1854
924.0248	-565.4784
-784.302	173.9292
235.1649	-975.2685
429.0568	-981.8416
-175.3498	-385.7877
-432.0651	108.4913
404.9942	585.07
-67.8411	567.6169
-965.3822	-207.3865
-344.7177	-425.0053
-837.1658	-543.3389
62.2382	-891.6587
42.7161	-24.9792
367.7899	-915.4476
-233.1274	-884.8795
-968.2793	243.7478
853.0646	925.0623
211.3258	829.9796
410.9187	910.1936
660.7051	-791.8889
619.4117	730.4283
167.7282	-764.6967
-32.4259	-796.8631
-557.978	-941.5741
792.5081	490.1695
-555.2757	-648.3636
-458.5257	-139.3035
-84.0205	908.9687
9.0295	513.3505
-619.8394	-181.0924
482.2644	-112.1603
231.5688	480.7152
916.1251	-823.0938
270.1387	-513.6886
335.6579	70.3004
115.0025	-57.2478
-123.363	-596.6589
200.7999	970.4883
-931.5531	806.3757
566.7349	-699.5656
-48.2201	-130.9665
820.7307	556.6729
676.786	-345.2634
965.3831	-510.4347
-365.2066	-772.7483
216.141	879.4528
-406.4565	-992.1639
-641.9758	-714.8521
785.6323	895.4683
-456.9386	-397.9655
-233.6439	288.0353
601.9733	-69.7124
-73.3874	-516.8323
141.8737	-233.6632
-729.4757	-584.9746
791.7029	-45.7097
-833.9754	-659.117
-403.1249	230.2103
847.779	-243.0771
-542.5097	851.0616
500.9462	-341.0899
-545.5569	894.7193
-20.2017	521.6414
994.8162	-34.7934
-135.1006	304.3099
964.7723	-533.2438
862.0096	-163.3301
190.3413	-23.2037
774.8721	507.312
25.1634	-597.2162
-799.1807	323.3534
494.2509	388.5888
992.3743	437.4785
943.5539	-111.392
-240.4773	-508.6982
-266.3013	955.2116
306.0709	-435.3522
760.3867	850.3578
220.267	-86.9438
605.2484	313.6034
-381.2894	-669.4009
-642.2405	-674.8813
-78.271	730.0211
-322.4528	-374.9005
-354.2555	-928.5947
216.6947	956.224
618.8432	201.0473
-789.3192	126.8121
783.5909	328.7544
-662.0808	-213.4368
-447.4203	59.4451
339.2053	426.198
733.3323	779.874
-631.8796	570.9438
511.2342	982.8508
615.0413	597.7898
-980.9135	-335.2459
-611.9329	672.0621
-556.5424	113.4316
-378.5647	417.765
-515.244	355.5427
361.9371	426.6879
518.8847	590.0116
978.9224	-301.2568
80.1524	-931.5241
-401.5881	797.0437
-603.9338	409.5798
841.5822	-477.9479
-708.0274	426.1176
193.8726	-572.0212
197.3985	-467.4402
702.7094	137.8738
-267.3481	-876.2743
-694.1048	494.435
108.611	-499.2082
736.4436	-488.5067
-54.1151	-740.1226
166.7098	-438.6241
619.6775	588.6199
613.018	981.6554
-603.8858	761.1215
479.4837	-795.1604
-513.7829	-533.0896
-60.4613	672.5724
712.0146	-631.4756
-694.3367	-927.5828
241.4131	-639.2155
587.4632	645.4672
976.8169	-413.3444
614.2656	190.7846
591.018	-288.7114
901.3589	619.4611
-974.5894	-972.6881
803.7119	-803.8722
-644.1495	979.7504
-70.5783	713.8804
840.5231	-143.9734
950.8071	-9.4705
-953.2409	-214.0518
303.7036	-158.2205
-360.5322	148.3924
-68.064	-112.7314
-188.7936	272.6942
-34.9774	-414.0533
-581.3437	-471.2366
408.492	424.3673
-211.3838	6.2293
173.4944	-542.1533
-707.6239	-982.6393
713.8953	-838.9004
-758.9773	-889.2596
764.7484	23.5303
-177.1224	147.1191
600.9541	661.1579
258.1975	-61.4261
-752.3786	-661.6085
-77.6287	-219.3297
753.0025	-84.4016
-360.0181	448.1681
231.9426	-272.6202
186.1466	-468.0265
609.0114	517.1142
884.7082	557.4773
-499.4953	-472.556
-730.7973	-879.5018
975.137	-549.1273
847.8576	-850.0965
923.2873	94.2275
-257.2309	-153.0863
577.615	-180.152
-673.2636	706.5175
-58.9784	-415.7144
-416.0111	181.2836
745.971	-815.0901
-183.2149	-950.1565
-984.0868	-943.5815
462.1987	578.9269
632.3808	932.7914
-748.0748	-40.9416
221.9131	-124.1933
67.577	537.5857
-800.8117	58.7339
394.9157	-982.2258
133.4948	885.626
60.2247	173.6015
886.7011	-692.0538
-772.7781	934.4175
-423.5539	879.3
972.4919	259.7382
213.1248	-184.3139
578.8416	119.0988
589.292	-924.6955
839.8691	508.1554
-328.2043	-423.3081
444.0128	-171.1835
-867.0812	-253.2663
-328.769	-936.9591
-255.4508	365.416
574.0016	-73.8256
-357.3953	-715.1029
-734.7833	-653.5317
441.0567	-539.4955
-210.2168	80.3141
-555.6362	326.4273
966.2869	-831.6255
143.534	-421.2582
-231.3139	292.3649
-651.4526	704.7745
32.3131	-378.2689
764.6191	-944.0999
-610.0472	441.575
505.3462	-809.6288
507.5022	-857.6253
-694.2904	375.7406
389.7436	761.0699
-263.4517	-824.0875
-396.8079	-284.2211
492.5593	97.0585
-565.1696	-226.1944
-220.0411	-228.3567
147.2902	-888.9551
-95.8999	-983.1588
441.2598	992.9335
-234.4188	-255.2904
-122.1978	956.1671
-147.1386	416.3122
-7.7743	-586.2719
-804.4538	612.0679
-369.4605	-536.5362
51.1664	473.6483
-242.9506	858.7773
853.1498	69.2821
322.7181	967.7992
-547.5384	-91.307
-998.6923	-380.8548
231.6663	-351.506
346.6903	-478.0722
232.5495	667.3492
-909.97	-744.7564
888.7875	697.9199
-722.6573	-638.7484
-818.7073	-727.8755
-430.7083	-541.1066
100.9206	-654.8938
16.1232	742.6308
224.5855	512.1299
-803.5669	-777.3127
-189.5075	211.6266
-770.3908	-475.4616
-215.0987	531.5437
531.3173	378.7881
-480.1339	-379.6832
554.1716	-78.0165
-734.9835	-247.9572
925.6378	-290.8403
821.4207	-743.5083
-430.5003	239.1414
582.5229	-666.2024
-141.8326	425.7725
271.6275	-432.5127
-829.0621	-162.7052
240.9941	539.9847
-200.0258	811.734
-416.7974	454.5589
-111.1025	-464.6287
-737.1513	507.7164
441.0336	278.3048
384.3605	882.4174
601.6994	979.8629
129.7443	-396.9668
-375.0338	-225.387
-9.4178	641.7207
-63.033	853.5981
925.6251	-73.0074
-58.4752	-695.3874
687.9387	-140.7433
744.0545	-860.1299
652.6415	-502.0162
424.5217	457.3681
-848.2855	-138.8213
101.1556	546.8715
674.8886	316.7896
191.3449	-717.3329
995.0189	-312.443
-248.2392	-597.3671
41.2372	-897.6299
-733.0087	-917.5486
572.1622	-110.8439
480.3454	928.1296
-782.8709	848.7947
-533.8524	911.766
-73.8468	-391.7786
-742.3547	-181.2289
584.0966	-945.3978
-336.3767	-833.5057
-941.8541	296.1491
-753.2789	-498.6777
-222.2407	953.4511
944.0224	-809.7228
-412.5614	-722.2026
-517.5071	965.9733
-630.2654	444.8278
-637.9789	-437.5722
-499.0696	-417.4175
773.8693	599.343
-178.8674	262.037
-32.2463	314.2117
238.338	-689.3063
-418.3573	-424.2022
-707.0196	298.3613
393.6847	727.4099
-363.7102	-619.3538
-536.1074	881.3612
-51.5077	-720.5393
958.0538	-546.8562
-649.5441	-553.4711
240.3255	-878.9343
-214.5937	-380.891
-594.0845	-174.5551
-591.4026	913.3791
288.912	-795.2414
731.2947	235.5182
699.815	500.5597
-244.7157	-15.9635
-112.841	260.4081
816.6701	-817.6396
-432.1536	-219.9799
-295.4222	-739.1128
-878.3126	-932.0631
811.2956	354.4197
-566.3449	-646.019
417.3675	244.8333
653.5269	-211.2106
-203.6621	-99.6637
-539.3519	962.392
958.0152	10.8404
-368.4382	-576.8734
482.9003	300.5999
-398.435	-152.9182
47.4325	-612.2184
916.0628	-445.2495
-611.0169	-62.1295
-169.6236	459.9898
623.9741	868.3377
-861.1306	-460.8402
-986.7914	54.9725
-913.3343	-732.096
-92.7168	280.184
989.1933	142.2339
-615.3886	376.9471
-39.1148	605.6671
631.4884	-352.4568
233.8494	-703.3796
-128.6808	737.8384
-375.6371	385.1914
-416.6542	-89.0532
707.5996	595.0122
132.3877	-647.0249
-608.2569	-890.2385
122.0469	647.8554
52.7496	-413.3727
45.6153	913.3046
443.6596	-245.98
-190.6282	-536.2216
-432.1543	998.8753
534.8164	-597.0402
339.9841	608.9777
105.4858	388.3725
11.7072	-128.6057
267.8281	-109.1527
-522.6012	409.6974
838.172	278.718
-786.8694	-14.5827
861.5097	612.9699
785.3763	401.2497
125.8269	-759.563
-814.9017	728.0513
-40.6552	-895.9707
-584.6814	530.0178
988.0413	-949.5161
355.6589	804.7294
924.6156	864.4313
-481.1856	31.0123
644.7609	-336.6716
-16.8992	868.1645
140.8483	-214.3543
399.8161	-614.253
688.4749	142.1919
846.3439	-387.5482
-599.8301	747.4714
-304.4745	-520.8932
526.8161	635.3222
-894.7854	-707.0487
-953.4928	887.4302
541.8451	463.2348
415.7834	744.3116
731.8097	-116.1562
220.5248	-162.6468
864.483	-501.5081
-484.8767	-736.7101
356.416	618.6642
-260.8306	-485.6504
-333.109	-175.021
-797.6085	-637.434
439.7936	-621.0767
457.0595	204.2293
165.2149	298.0709
8.8032	612.0457
-16.0035	865.808
-918.0489	-52.4764
-131.8719	996.1796
-975.8424	616.8846
-949.0054	79.9873
-754.8036	971.7133
36.0323	-130.4778
-120.7723	604.542
903.1721	-664.2316
740.301	225.1712
-993.762	-495.7964
-788.0406	318.6922
154.8457	267.7612
510.5843	-846.2315
413.6615	-161.9712
-279.873	683.8314
-436.082	-566.3164
-94.5122	719.8086
850.6735	-870.4664
-971.7166	-619.126
731.0304	961.7072
328.4963	-388.4116
-343.5419	-58.0694
-186.3939	-117.6256
-549.4203	-226.1219
486.7512	869.6631
453.9202	-451.4232
-230.8161	-859.2216
284.0326	187.4408
690.3353	-101.0296
-377.1812	-655.9968
-997.9068	-839.0794
-19.2592	892.2367
-683.4893	-23.5892
443.4497	-13.5877
383.8613	-208.1786
-73.6944	-12.2516
-341.1636	-322.467
694.075	-96.9797
968.8615	-97.0816
-467.223	814.5403
-804.1915	65.713
-423.9241	-212.1731
-747.3713	-851.1152
-485.9864	-369.2665
273.9042	142.3728
-976.8627	211.5995
430.8271	-622.664
-200.9812	-97.8317
181.1145	350.3546
702.636	-482.9278
114.9008	672.4791
-543.2673	1.2654
450.6112	-872.1408
-887.0041	-2.9498
-246.3186	669.8938
-387.4542	403.5462
-668.2254	-28.9922
-444.4301	366.2609
253.049	-798.232
-489.2745	-458.7524
-487.5386	767.8605
532.6683	-421.4499
-485.7213	712.698
-748.4817	913.8716
165.1706	138.0001
-784.7727	664.0968
359.2947	197.2897
781.9141	-472.547
-524.0375	-854.3128
595.6364	-151.2404
797.0551	396.9152
713.612	-929.5767
180.5326	537.9268
348.5419	410.5687
-826.3298	1.91
-540.0106	-512.6385
-18.5638	-964.6398
40.8434	-181.357
-178.9711	-762.2522
-589.0992	-771.8142
-34.3374	291.8346
-584.945	-498.1358
-596.9095	140.5433
223.6344	-523.7221
-371.216	-226.8564
-749.9065	540.3021
-569.4293	-723.1448
-438.6883	-705.8206
247.68	124.212
-332.5705	-639.4579
399.9494	-769.8047
-429.58	291.5953
-782.4033	377.7531
-368.1548	-510.3358
-933.0122	373.6802
227.5604	-545.52
382.7759	836.6866
-529.8384	407.1166
-604.7599	-620.8325
-857.0424	143.8015
-266.7915	-334.7653
484.9939	344.0385
456.4319	-287.8668
293.8876	-438.2914
231.7509	-326.5341
-44.3042	976.9796
-967.9793	-440.1032
-699.9644	-774.1588
-729.9333	-732.6719
-290.1989	-107.8557
-326.9991	-166.9191
837.2768	-366.5792
-560.2613	770.869
-838.3419	533.2218
741.5254	-625.5613
419.7974	400.5235
-5.096	699.4008
257.7696	205.8072
328.041	591.8223
-997.1253	-623.4136
-876.9015	-42.7335
-666.3573	-175.5344
301.526	793.9224
743.0738	935.1876
704.6629	308.4637
979.0109	-821.0239
-998.4761	283.34
411.4852	457.1517
-42.1654	-111.3774
-765.0607	59.07
670.1344	109.7755
-911.143	-742.5012
62.1558	747.0634
491.7134	265.1429
165.9696	472.2078
-996.6551	-605.2133
610.5556	-326.6745
496.7567	466.0943
-918.7332	704.5749
771.6961	418.6916
-581.4442	484.3332
76.7649	245.4179
-689.885	-916.5485
66.276	501.3661
-96.9872	931.0593
158.2686	-31.8597
557.4235	-541.7529
658.957	968.152
156.3533	541.9858
-314.6764	-99.7023
55.6287	-805.5412
343.3225	-419.461
417.2812	-892.3186
113.1212	114.3455
-319.2678	-632.0492
591.0493	-763.1622
-622.9591	-852.7759
-948.5925	209.9397
954.2933	-565.8033
-286.3397	852.6261
910.4815	-121.9395
-626.1282	-76.7021
-332.7032	-695.5115
-462.1847	19.6631
-546.9619	-792.0621
981.3576	187.8728
-570.9538	828.4467
307.9473	29.2788
383.6939	-273.99
-158.9219	437.6483
484.9996	-5.6971
-402.6181	321.7631
-520.984	-877.6173
-889.7125	754.0267
189.1618	-738.6101
616.5985	421.5872
534.0604	-832.3227
932.7062	819.5422
-712.8675	-144.1307
162.2885	279.0848
572.7356	-618.9557
-93.0311	-118.8296
-504.6557	667.1642
597.0889	-890.5825
174.4333	-604.4042
96.0085	595.6987
-880.7138	911.4469
138.3142	758.3647
571.4073	-700.9768
-344.1841	490.5332
-9.0218	-865.0034
816.7531	-43.363
176.4597	112.9518
-580.0384	918.5349
360.3135	435.8702
-168.43	850.1258
-847.5282	51.5132
-537.2413	643.8922
352.1497	657.65
474.9388	697.5406
854.1428	-66.2305
836.6127	163.1013
-582.6299	-766.8619
-800.3255	-584.601
129.2056	-452.4905
294.3455	-681.2576
-657.0532	115.1875
476.7933	-348.4561
-328.3882	593.6992
720.4513	-957.9233
411.0479	910.4384
173.415	-919.9092
705.3987	320.1189
-962.8452	-595.4074
604.5966	300.1088
-898.5806	210.0121
8.2197	-112.59
755.7449	642.766
-858.7091	627.9672
805.4109	469.9592
-253.0783	-501.8584
-254.7375	743.8835
75.6165	105.4514
731.6987	949.4105
-916.9573	29.557
823.9544	-31.7594
354.5166	706.031
-294.7878	-598.1006
-375.267	179.517
207.0504	-171.3916
677.4598	-738.9201
841.0789	654.7977
-305.3058	-280.7202
-292.9464	-488.5602
707.5661	-782.0011
-265.1805	838.1164
603.1134	530.7264
199.0971	-537.0879
-750.9388	72.9255
-705.9959	-450.6312
932.9546	410.146
-799.7977	-638.1999
-123.1125	292.2831
-428.4889	851.35
124.8046	268.1157
-899.1804	-398.0662
754.6162	-338.9071
538.0732	534.1139
-885.3454	-478.4841
748.0953	106.7074
-53.0241	-540.4414
365.5046	892.3766
880.4443	-981.8293
-605.4903	655.8363
-907.6549	529.5931
-94.7541	888.9492
753.2965	-888.4989
-146.9465	308.7775
869.1322	874.7692
-402.6345	433.962
-627.2154	712.6176
-956.1325	-545.1176
-939.512	888.4232
496.0906	275.3794
-768.2004	576.9825
-105.3828	270.3553
-107.8222	-203.4161
22.473	-784.9462
-857.4607	813.1518
-492.4051	-539.8707
-249.6151	164.9388
405.7909	424.8466
49.4349	-947.1338
965.4413	969.0361
-322.0624	-83.482
-598.7874	-159.4173
756.5505	-996.7034
-653.1431	359.0952
135.5036	-49.5886
843.6725	688.6889
-356.0972	266.3604
944.1846	245.4023
-190.8129	-227.5114
-473.5235	662.6122
-239.3771	-942.5567
-768.8384	430.0148
-570.3753	-303.7997
-154.0647	66.4666
-200.5111	634.5851
204.971	-674.855
17.0955	-671.6446
657.8429	683.6913
-886.2804	511.6559
989.5056	-598.4979
-294.9562	-924.1237
897.1785	5.7876
-253.5034	558.8646
-939.1495	747.5514
376.885	804.9489
804.2146	-810.6981
-987.2278	-287.48
-844.8372	433.3309
709.9124	683.1801
370.1821	-378.49
-285.308	554.4375
610.5245	-271.148
946.933	-975.013
867.8586	-711.8795
-548.7871	477.4973
-373.7332	-635.1148
-196.8633	-464.1755
-891.4183	-32.5631
261.4473	-773.307
-594.9449	806.0921
-285.157	-506.3563
679.4466	-465.4836
-66.4192	991.0986
-448.3326	-1.4256
-277.6905	707.1045
289.5557	858.2025
-306.0922	504.9192
758.0627	-787.0275
216.7469	691.2629
993.9755	765.4561
-728.6974	952.2139
818.986	760.3233
388.9072	919.0793
101.4032	-708.9177
-273.0732	-769.6658
-575.1957	-800.678
352.3374	-681.173
738.8294	-207.613
-121.1897	820.328
807.7991	888.2037
-841.2067	-102.1387
-253.0249	283.4444
-289.4808	-69.9625
-758.7132	-314.5363
-677.2178	993.8518
558.8453	15.6128
-268.7329	-805.8299
-202.9653	-13.4292
64.3998	95.3854
-606.5436	-903.1043
214.7898	-383.455
786.6779	239.8881
-335.9006	-777.4225
-124.3135	-943.9151
74.4433	-960.6309
633.8263	-171.5459
780.8893	397.0387
669.5201	617.9824
312.7038	-672.9468
950.9453	522.8698
-729.7651	-407.4007
-768.2788	65.2881
575.8742	872.5445
-74.8927	965.8448
-393.982	-739.683
615.7408	823.8904
-56.743	-881.5846
-285.0168	-81.7641
459.4492	569.0537
43.0243	-739.9357
-826.5469	-224.2013
622.2882	153.9202
774.1533	816.2383
871.5137	362.4382
678.0494	218.974
118.1093	917.7168
-462.5267	-71.6687
-5.7465	371.4367
303.0602	947.7533
-428.0985	507.0592
110.7982	505.2126
718.4284	-50.9202
470.8783	828.7399
888.4705	6.1989
-268.7102	740.8769
-854.763	-480.7002
-617.2187	-910.3101
-145.8764	852.6219
959.6358	668.6531
185.8887	619.1997
-810.2249	7.585
6.2598	422.0032
-54.9396	466.4772
82.8481	-375.3085
125.3652	943.8518
-809.9658	-984.6635
751.1828	768.4954
-305.724	62.0483
271.1741	842.3788
47.1507	872.8932
-532.1239	699.5971
-257.6218	-110.7056
-608.8864	529.7435
-693.158	-764.747
-776.9201	-887.8819
-419.7244	-671.7636
-93.3498	-382.8608
-962.6442	-227.3617
125.2044	-229.9901
-290.9431	-286.601
212.6953	54.5399
-284.9312	-253.2966
-465.0965	198.2911
-67.3091	33.0704
509.081	871.2215
385.5498	-362.3858
-703.4694	432.2543
-568.8171	979.2578
867.6988	877.5709
-551.9906	-952.086
-639.2238	816.0785
687.7171	-177.8338
381.8056	513.2684
-515.7472	492.9332
-855.0236	739.6841
320.0396	-945.5147
-646.3429	-514.5876
546.8717	-258.8653
150.9493	261.5879
485.3585	363.0424
-206.4748	-874.0127
799.2549	63.1562
423.0114	207.0149
-334.0811	44.8967
-953.2425	123.7574
141.4951	664.1686
-995.4169	178.8002
482.6179	-656.5514
672.8257	515.165
-425.3302	-565.3466
-109.0701	549.4929
565.6469	621.8203
-432.5595	-149.0104
-704.4678	950.8092
567.7606	429.6186
138.3043	-116.6705
396.8312	-696.9972
862.4669	36.7068
266.6944	520.7937
-700.7534	-588.3329
696.1198	709.4958
23.8812	148.5285
-20.5872	170.9517
-839.5289	-486.7141
-189.0588	-82.4022
603.5926	856.7579
0.8552	299.0632
371.5938	-891.0607
300.6824	192.8056
581.1258	316.3473
333.4971	738.6533
-869.1462	-215.3881
-276.1832	-422.7961
-796.9468	714.7937
984.0808	-443.3323
-751.0055	397.1711
746.2997	-727.1624
-149.0258	-777.6521
329.6694	-744.4414
-846.1742	-198.2405
-638.9314	-422.7931
168.4484	953.5277
-40.9764	-671.8214
469.1405	-743.2018
-351.571	962.0907
954.1985	-406.2605
-977.1689	-451.2823
574.3417	279.5835
-843.9482	524.0954
17.2959	-520.1382
-887.7001	-95.9436
332.2972	-279.1421
-805.7983	-227.3028
-669.0556	112.8882
-938.9201	-53.6796
-15.3033	913.3801
-361.7357	-239.7426
-771.3376	-744.7358
-292.8437	-925.866
449.5382	-478.7634
-145.7987	881.3895
387.439	-577.3445
424.6412	-86.1685
-773.6837	-377.3603
697.2896	-783.8689
-831.6819	-892.5152
-598.7961	-73.7258
423.7767	591.3914
408.0688	263.1324
-278.8395	536.0926
-390.7133	-583.7016
617.4135	297.7689
43.9752	480.7989
666.2459	26.962
-923.3887	-990.1366
-116.4785	952.533
-8.1603	758.1887
-987.3421	-309.4069
509.8114	-743.8673
-980.7998	866.0019
105.3209	264.0486
-273.881	-898.792
-678.1469	6.7841
551.2612	-986.7711
-409.7083	-775.3187
-467.0935	-370.2778
815.6712	-915.6918
737.1082	473.9189
131.3967	-797.0835
-125.4632	-185.4405
-55.5479	-132.7209
914.2296	-685.8535
-836.5049	-670.9442
-464.6564	-433.3636
-658.5237	825.91
533.2134	-284.2604
-492.0994	939.0592
970.0915	713.233
-917.9111	877.0854
626.3289	204.1981
834.9143	-124.6282
-763.8377	-529.6087
-697.6133	-905.7664
638.1144	868.5161
-322.3632	-682.3371
-7.0747	-778.6756
708.7908	504.3671
578.7349	-953.9623
-106.5053	-308.2378
575.4092	-344.0312
-954.731	-301.4952
-606.97	-752.8959
861.1171	680.1919
-512.129	616.2476
-545.7886	-99.3989
641.6072	-293.8686
-362.208	-369.9179
-891.9779	-328.7289
202.8922	650.3469
836.9067	-817.929
-738.0777	708.2802
38.2837	-842.6494
542.8799	-621.2867
824.024	253.0772
-393.9696	634.4018
817.6553	-628.0779
273.3472	-170.9008
-146.9685	-284.4045
-182.6383	590.6395
-477.5696	2.2713
460.4842	568.2602
-557.709	-370.2262
-985.9339	320.2682
102.485	417.1185
-304.3535	587.373
-8.9419	-791.8602
121.1945	-259.3977
-323.067	715.7141
101.2848	537.3423
782.5834	569.3474
683.3985	-666.9867
856.8381	-800.3104
-190.5805	801.2187
856.2991	-524.3198
-402.2308	603.9267
-23.2958	-299.7409
-685.7308	-957.5449
-653.1341	-861.2489
-824.909	322.5797
542.5292	147.2563
402.6975	134.2454
444.6888	-900.3364
-951.2273	928.358
813.8125	790.0013
-758.2626	276.9104
-616.1873	-540.1721
-916.6685	954.7788
-232.7855	544.1081
272.8513	-165.6063
-745.0132	508.3083
-717.7431	-283.9136
-68.0523	399.9308
225.6386	781.342
201.9181	425.0099
15.5312	108.4603
921.8514	-469.8279
122.1356	364.6843
526.7431	626.1604
488.634	262.5332
-207.8852	-194.0536
131.8034	121.4234
-805.4604	-312.5002
-900.2712	32.5147
-230.5188	-768.6558
-199.8346	343.051
-20.5444	368.536
-957.839	-374.8835
707.5548	996.9145
-232.7567	680.8878
563.276	257.2382
218.4544	851.4621
-166.0821	611.8129
189.8262	-968.1669
444.4573	7.0137
-914.7301	703.5448
986.4194	324.3455
-898.8337	-218.1217
773.956	-407.6292
-8.4047	231.6912
115.0396	29.0092
127.6824	866.465
744.8231	674.9382
590.3266	724.8612
-186.7303	-13.406
343.4876	51.6324
672.0642	-196.4715
443.0545	388.9894
-549.7611	-728.5829
530.4661	355.8305
-592.7549	323.2364
487.9337	344.7647
-384.2204	326.2287
388.8319	90.4354
-52.0081	-608.0492
-246.2374	-294.573
230.332	991.701
301.484	910.9027
965.8687	277.3278
-678.1349	910.8373
886.0916	-256.5074
253.4689	880.3685
-89.9829	-20.9834
758.9734	-154.4176
195.8136	-114.6663
-735.355	874.4063
-837.5894	196.6623
718.3873	967.8094
0.7714	-965.3833
-305.4929	-751.9696
214.8781	-234.9364
289.6496	478.8216
-514.5934	639.3781
711.2236	126.1087
-407.8406	409.4111
850.2677	107.0578
-559.2239	573.762
-929.3741	-976.0494
902.6676	-304.0529
877.988	-323.5015
976.2985	885.3865
-182.5519	518.585
978.6017	55.2937
120.242	-283.7353
755.6828	-409.7414
887.779	577.5805
-374.6379	857.7989
682.4901	-268.6088
612.6963	522.364
897.813	-920.2113
861.2124	-585.6334
-167.6506	-966.9751
485.8943	-656.004
733.8042	-486.5341
-447.0502	834.1187
-300.2292	378.791
-879.4639	773.7673
-208.5758	-534.013
-31.9675	-224.0843
-267.4472	576.1581
65.9105	-392.5204
-636.991	328.9414
789.0561	-529.2199
-850.1155	-962.3654
-676.2011	947.9603
-491.5314	645.2613
130.9439	-974.5189
-299.335	189.4638
-938.8409	556.7787
-863.2764	-764.9672
-358.7886	-470.0914
-328.7594	991.4222
-94.9666	272.6991
-213.744	12.9416
-266.2048	479.7326
755.9475	610.1024
-197.6375	-91.3179
-21.6551	251.6818
-322.696	970.7076
-703.2053	-42.964
825.573	360.2388
-320.644	-150.0716
-769.3931	-661.8707
-417.3297	848.6229
830.2269	-135.9353
583.294	-910.8252
469.6691	124.6304
555.8498	578.2977
-528.8215	-442.5171
-110.0061	348.988
-805.2398	935.8282
-481.7682	-146.0943
134.7617	963.2344
591.0291	102.7809
749.4708	699.7161
-848.0945	-667.4761
-313.6893	-540.9339
147.9004	-579.6747
882.4788	-520.39
26.6081	846.721
556.6474	-972.0771
-757.3397	414.3999
-698.2053	-756.7613
-613.5172	-842.9656
817.0814	-567.4232
778.6848	528.6394
-393.6321	-61.3347
-278.5636	663.7759
-775.0195	669.0404
-837.2406	71.403
-563.9804	344.4517
-831.9383	792.0791
-870.6584	-410.8918
871.53	-46.094
-728.5911	-26.2557
-64.7995	233.0138
-740.3762	346.36
-571.3223	630.3135
-871.8892	324.8528
925.147	730.4385
-458.6488	-809.2971
-419.0976	-92.484
105.7937	-961.2611
-511.8766	-314.6601
-981.314	589.2056
-600.248	213.2354
834.3001	517.7582
904.4063	-77.2271
576.5624	648.8176
726.539	-343.5295
458.5829	-918.6356
89.8146	148.8383
946.19	-288.343
-445.9723	147.1147
123.2183	949.6873
267.0193	832.4551
161.1918	373.5036
266.0688	898.6662
-199.4025	-289.2522
164.2534	276.4061
171.2458	833.7777
-178.6438	-726.6669
551.362	273.2735
648.3068	88.1743
263.0199	134.5208
625.3159	940.7729
-181.6018	136.3371
-851.2948	-494.23
-768.109	-745.9972
-842.234	-828.0267
163.3127	900.7481
-952.945	225.5314
159.008	437.8659
162.3689	-164.8641
-851.2955	875.4106
-815.4843	515.1259
409.9517	637.7925
705.8456	238.0697
199.4625	245.626
-316.1082	-301.0903
886.8433	-968.9268
-420.4829	-452.6498
19.3958	-156.44
974.1382	-805.9655
-390.0194	-777.1683
109.0712	137.817
590.4191	154.9454
24.7764	284.6188
-799.174	-385.1098
-229.8286	542.7049
274.2411	150.6176
744.2755	-727.5629
416.621	154.3292
-849.7757	-829.7444
73.4788	630.5179
857.1326	-951.0527
156.9748	205.2382
-239.1722	998.2929
250.7333	-691.8436
-435.4692	337.3401
590.7057	483.5508
-184.2248	604.4524
471.6083	292.5431
136.8972	-596.3006
502.3094	-964.5488
-488.8596	-618.1952
-307.7827	884.193
309.223	-347.1012
-705.9354	-768.5552
-125.4251	187.5702
894.5601	-907.7076
168.7388	-707.4093
562.1574	-774.2695
56.0316	-404.5224
-365.4241	48.5742
199.3544	-168.5096
-59.8917	-169.4623
-707.3237	54.5789
404.6269	11.6762
794.33	-371.0656
-673.9653	-238.0769
-319.3876	588.992
-700.2919	50.486
-297.5422	435.1136
825.2817	688.7455
-475.8411	-14.79
839.9038	912.5736
-992.4943	465.0439
-380.0364	479.8799
-140.5117	-456.1122
423.998	-430.4798
-258.4203	-548.6495
-765.7544	-94.1843
53.3977	-805.4527
-967.9203	-662.1779
-700.422	-189.1965
-350.2291	-783.7002
14.7736	-932.1873
76.8235	-777.9186
-146.6484	266.4881
-378.9022	734.2245
841.5476	407.9445
-487.1277	124.4032
-406.2172	43.9077
362.1528	-480.4416
807.2849	-11.8596
333.8371	-283.384
-977.1753	860.0183
21.5052	-528.1417
393.5956	629.2482
-346.0167	436.6315
207.1991	264.4832
152.5692	409.0471
-770.0549	-237.6124
-294.2835	806.2045
-51.2445	444.3603
882.8903	-825.0356
-480.184	-375.2313
931.8143	704.4168
-793.032	-291.3132
-885.8326	-766.8083
760.8662	786.2101
-647.6414	232.628
550.9036	782.4944
-998.997	-195.8255
-982.3819	-77.3565
318.2164	964.2353
-992.558	240.1164
780.6438	-27.0228
238.9003	-89.7826
-285.5084	-835.0001
-843.2225	-327.5238
-870.5196	-671.1769
44.2397	-2.9177
-627.5266	79.1384
-360.518	-248.6869
-217.5958	765.9472
986.9953	390.9309
795.088	-351.1029
-876.1196	-892.0882
293.5892	166.2123
-924.2699	-64.1992
9.0568	-154.8151
-349.3393	178.6534
-852.7671	-340.6459
890.9105	-269.445
661.1022	83.0628
856.3754	928.2929
299.2514	618.1161
-867.3497	-694.7264
112.4048	-322.8533
321.4658	-725.5151
37.9519	-518.8824
-288.4755	-632.3887
18.2138	-836.8943
-411.2333	-110.5702
-240.9417	0.8303
301.5732	-876.2277
515.6364	-480.6273
342.254	-715.7063
-347.29	736.1074
-263.894	934.2874
420.8596	412.4524
472.3217	-24.817
-402.5895	-286.6411
240.9312	-289.5383
-163.1482	-421.9376
706.5578	175.5551
-587.1961	784.7008
189.7496	945.1044
479.6639	-184.2922
-300.267	580.7862
-688.2211	-746.1443
-694.8247	-489.8542
-874.0165	-606.7368
-178.6518	340.175
467.4152	-837.7526
-716.2491	226.6866
-995.1363	396.1623
660.3162	573.559
-686.9627	-929.9571
40.9422	-234.9401
-922.8874	-792.5974
126.5018	942.9847
82.1105	877.9812
465.2254	-231.8218
-546.6346	293.9584
387.0024	-272.4609
-461.0822	990.4862
660.9371	-913.851
47.6421	-821.7574
-258.5762	-996.703
453.3969	150.6106
-938.459	591.3376
-684.7593	722.994
88.7708	-502.8656
840.0208	-864.7873
-611.9916	-863.4774
311.3114	-580.3097
941.5872	784.4797
-973.6646	-937.3311
120.1883	413.8541
-673.1204	-641.7781
-87.7742	644.6503
506.04	-677.6985
-889.0537	714.3336
953.6992	-680.1843
-634.0435	-860.092
-167.879	-88.5435
-100.5713	34.1587
-9.3108	-564.7466
-731.2998	699.9705
-346.5525	72.1765
-922.4573	853.7237
-217.6026	48.069
-839.5597	837.8398
666.013	318.7396
-446.9767	591.8178
366.4204	-467.933
385.6387	74.4327
709.1315	578.617
-420.1179	-605.5904
480.1156	-683.0981
759.4265	65.4164
114.2546	540.16
253.7723	30.0871
-48.201	944.5439
-243.7231	613.2342
-669.6157	174.6165
429.8833	-161.3945
325.7503	269.5901
-115.3994	938.2553
88.0286	516.2381
888.0235	-264.5097
-172.3949	-7.4116
561.8056	413.8251
-396.9789	636.1495
-0.6035	-404.9478
-237.1668	113.5617
313.0484	147.0721
-538.6016	-961.1444
934.4135	-794.9615
544.4581	152.46
-49.3305	858.0937
-383.7598	175.5805
-287.137	-848.9713
164.547	-663.0136
-94.3001	-531.366
668.8399	-990.1346
-848.8285	-89.1315
614.1626	-159.9632
-874.6609	-822.3155
-190.4631	-619.6428
270.676	-519.7173
742.6492	-499.6378
-905.5652	849.0445
-152.7	313.2197
-309.0355	580.4323
-957.4706	-160.8644
811.3189	570.6966
-677.7524	-229.9752
-102.8648	869.426
861.9382	-268.129
135.52	-487.1701
-312.388	39.1038
662.8171	965.469
252.0581	896.884
-378.2154	-815.8325
179.6305	-720.8627
923.9076	-361.8529
56.5675	-490.5328
342.1056	914.6929
-341.1008	981.2779
997.9024	-698.2558
-877.1403	450.433
-976.7846	852.6564
964.0401	59.3893
74.8129	-506.8556
344.6745	-243.7646
-408.6155	587.1105
747.8828	476.8281
-219.407	-959.5764
-871.5368	491.2235
-776.1109	-829.5958
413.6932	652.4413
-262.7993	-262.5618
653.8905	201.8947
830.2006	316.2776
-75.079	-186.8025
367.4583	669.5096
-899.3212	111.0415
-234.0156	-851.2583
51.0701	380.304
625.2001	-982.8716
619.0334	-295.0549
-418.1516	360.244
530.8948	-81.3871
250.2703	461.6459
688.7137	181.9121
-582.7822	-647.8833
652.4445	560.9478
-780.1856	-118.961
737.4056	166.5043
637.6875	674.5911
237.3895	517.2852
885.9061	417.604
145.2626	-204.7267
-415.9887	438.8689
-461.7733	413.8013
-952.118	950.5487
-255.1182	-556.6178
978.7274	-144.4754
-198.8332	-492.6402
876.3623	-665.3855
-844.2208	-703.7197
-889.8638	616.2403
276.2393	92.8911
-153.84	617.2684
-951.6258	488.4448
-417.7632	-312.3778
-257.5071	-619.8023
755.7985	17.7571
524.5507	603.7062
-228.1917	0.0911
-406.6616	-691.7847
390.2466	247.2886
-281.4746	1.8004
-770.4734	-797.4357
-45.0109	-982.206
892.1701	-946.4721
-611.3482	-577.9557
536.8942	844.1225
-943.4177	-674.7445
428.959	41.406
-517.5178	-30.3232
-707.559	-614.8468
-768.5856	187.6948
-843.5641	154.5911
-925.2208	-122.591
477.362	-967.0492
-981.1105	602.3457
674.3249	-629.0046
-506.7336	-21.1963
-474.1456	215.9029
127.6483	-873.1607
767.8691	-558.083
-284.9099	988.4566
-478.3294	-785.1862
320.3307	760.1791
927.2485	-857.3424
-2.0473	-785.6449
235.1912	-186.1607
-263.8938	-568.927
-606.7087	14.5254
292.3364	788.4673
649.165	-234.5738
-452.6099	492.3256
-523.3664	334.7332
641.6446	-150.7789
452.6686	383.0184
-851.3931	366.8333
-680.6415	-519.1292
447.5923	932.3033
-257.6109	897.7097
835.2552	-666.6413
-580.9018	276.8218
-746.5309	-673.4431
262.5597	653.2644
-783.6048	-106.5009
-821.4677	-48.6984
-396.7071	790.0814
-735.3333	-141.4832
-295.1522	452.0031
419.3097	141.5292
941.9385	173.9849
-510.4762	980.8597
-530.8488	235.0049
719.5701	751.044
327.8952	-44.3521
-984.9516	528.8362
217.8271	909.283
-839.1579	159.5412
-91.7583	-430.4627
384.7279	-652.5884
-608.3149	341.9862
-274.8676	559.3344
661.2521	653.7413
616.3203	589.4174
-479.0719	594.8927
937.8677	-973.4838
493.4183	-694.7048
981.5887	862.2245
247.7141	-269.4259
-134.4836	365.4134
132.1398	823.1157
447.7867	-158.2267
-402.7892	802.1935
-535.5583	183.7594
662.144	-411.2558
87.245	-184.3693
355.7312	482.9854
612.9365	179.5129
-699.7766	616.8007
-716.8936	383.4488
-542.448	-803.2505
609.6093	-602.8364
-852.1396	-417.9168
-659.1999	271.108
865.9802	-427.8085
-323.3533	-960.214
-96.3935	547.3291
280.2615	972.1884
642.6499	-690.9981
-972.9263	-376.5153
-931.8584	-625.2958
699.5142	250.1638
581.3129	883.105
79.1857	-624.7589
654.2213	-271.4119
-612.1407	108.6672
-232.8261	648.6409
-761.4431	800.0548
-402.9727	473.6924
-416.0615	-239.031
904.9151	-48.9288
542.5484	-931.3447
284.2747	666.4584
483.9666	-764.3004
72.1302	733.9406
943.1274	-2.007
828.9395	-619.7834
706.2948	983.5784
246.2681	-552.31
65.9808	-762.5574
-314.9857	570.6366
-667.933	407.472
255.9113	861.7605
-837.8106	-353.5311
652.8342	172.4556
-955.9357	-333.5352
-744.4385	394.52
38.4227	-728.1419
-861.4927	603.281
869.6212	-781.3671
-149.777	851.5585
278.8365	936.6323
769.6572	436.6664
174.6354	242.0173
259.3614	-357.8712
-198.5739	536.2163
-392.9937	-362.6538
-112.4791	151.2075
328.8202	878.3955
129.8802	-874.7925
61.0968	41.9218
970.8637	-963.0243
951.6281	-655.3844
-84.6014	-436.3938
672.637	-254.6345
477.014	196.4473
-925.4663	28.2929
748.9362	616.153
634.7484	-713.7366
-886.6299	518.5975
-744.2461	872.3484
804.4472	-118.9021
4.9765	-132.863
728.8327	530.2709
-537.9481	-422.8102
191.0886	61.7032
385.8828	718.8191
831.1115	-496.7718
-884.34	-555.865
678.8283	-156.978
-275.6912	-702.9107
-163.3074	-89.2957
-432.2963	-15.3433
-307.4841	422.7122
-708.7024	866.8609
-313.5742	-659.2196
513.5926	-443.4349
147.1603	-350.1759
-14.0647	651.6743
372.6263	-392.7686
484.7972	335.0099
-147.6273	-717.1479
226.0014	72.8129
-23.6323	-297.0072
-718.2662	-419.492
924.3762	796.9661
-678.507	-594.2441
607.9963	-69.0311
219.7689	421.2653
-967.9444	882.3824
734.9317	556.1644
-504.0812	-852.3712
176.7393	582.7274
906.953	-160.4519
-899.7025	-219.2464
-329.2044	649.7841
244.1039	580.0621
-819.088	-761.0032
-7.358	-952.6305
976.8262	923.6131
-993.2746	-348.776
-202.1822	108.3226
-699.6823	318.2144
953.0946	-265.9213
794.8065	-60.7331
454.8619	546.4225
884.0875	-492.9682
107.7014	626.9226
205.7336	283.9771
855.7736	590.2534
-575.7232	-7.0068
738.5075	576.5452
801.4865	-157.3128
-559.1506	219.3661
-904.9739	396.2308
420.9024	737.1647
-792.4548	844.331
820.4445	-489.3668
-735.0523	847.8029
-687.4111	-843.3576
239.114	-402.5455
484.0435	-190.1212
-804.9222	386.6003
-263.1249	570.9559
870.4778	915.936
-948.7665	-435.9152
146.2499	-449.3923
-826.8148	-194.1409
-598.9006	-26.1044
-843.8675	-831.2622
-360.52	-720.0241
-477.3727	385.5376
493.6046	-524.6432
24.8358	368.4141
-114.5444	-431.2578
766.5309	784.0461
807.3834	-318.5151
-112.3357	-262.0651
-983.9057	53.459
818.0828	-325.7763
-920.1988	16.121
-852.7457	503.7201
-163.1328	318.571
-350.4789	-513.9823
612.8611	885.4289
-2.5535	835.2221
404.9167	-704.0457
-796.4831	509.2191
-274.7716	655.7859
-720.9107	643.2662
-407.5482	179.1176
212.3705	-136.5597
-230.6536	467.0801
-992.0414	560.5484
-561.6467	709.9286
12.8276	-162.4845
52.1562	149.9843
-68.6291	88.7944
879.9465	915.8503
826.3622	911.3211
-400.1103	-578.7587
414.3343	-680.4335
349.3234	-972.8612
-601.7801	-488.0679
880.8229	17.7896
462.6967	-689.7491
40.4782	-348.4821
450.3593	-548.4868
370.4047	194.0604
496.5482	-893.5703
-224.3855	-637.0751
-231.9862	-803.8627
-477.0264	-880.9739
683.3551	413.1513
124.8746	398.0936
-208.0929	-484.9957
-895.9849	-950.2965
212.9254	631.2449
619.2329	-566.7617
-210.9851	-470.3483
-964.6009	717.4778
240.8861	933.4691
-225.4688	-759.5287
-535.1011	153.5673
-249.0092	-348.8601
-230.6655	-718.0185
728.0273	-393.8132
-713.4692	-666.1567
-955.9528	-606.0512
251.5763	-832.3569
-525.8319	277.472
-402.1343	358.9223
998.8197	-404.9944
195.8962	-445.772
-235.5212	-204.3653
-306.6087	247.6511
-722.1526	502.7364
330.2476	982.5964
-181.06	-500.5241
-126.559	-168.3914
-653.7449	-69.5508
810.8719	389.4002
-944.9638	568.4475
490.5181	-995.4387
-702.9066	-97.5488
-187.6306	-627.1361
-508.3467	-915.6369
-740.4815	901.2619
-371.759	126.8067
965.3129	411.5646
-415.0851	-960.5299
87.9412	-141.3639
874.1606	342.8255
780.9155	833.5539
-27.5627	-824.5846
4.4092	164.3923
961.161	504.1959
-462.8064	-437.8099
119.1441	412.083
927.1299	782.744
142.919	-326.9353
911.135	419.3675
59.9011	455.6294
-379.0796	659.2763
-956.3992	408.5
174.0108	746.6278
435.92	952.654
-543.3237	939.3527
958.064	-330.1611
656.7294	-756.1116
-43.5131	-189.4268
-216.088	-521.7147
-295.9039	992.8594
65.2248	-27.5965
-984.8159	522.5669
-615.8429	390.7545
-140.3781	790.1253
617.0668	636.2217
321.1203	952.72
-643.6164	-456.9894
439.852	119.5736
-575.4774	-255.3973
-78.2413	-721.403
-280.4641	-692.4241
95.0418	-918.0446
25.8919	-284.6795
398.0457	817.9554
112.4762	-171.8172
-471.6541	-502.211
254.8593	-756.6336
-836.6652	779.59
-356.1232	-459.7436
-602.5413	-542.7831
-878.0517	415.6471
220.4417	-745.3308
-652.4983	-380.858
893.7269	-791.8744
-747.0173	468.6565
-678.3383	705.5377
404.5921	-982.9318
-146.0536	-407.4671
-28.8178	-423.9
201.119	-978.0248
655.8054	798.1695
943.2298	-509.2519
269.4692	-979.8417
-569.4148	279.0005
-986.1484	-281.2851
789.2026	-351.8702
-391.2105	-85.8201
-921.8861	-176.8157
257.374	948.0107
-49.5413	365.5545
-385.6111	960.6459
565.759	730.157
708.5667	812.1201
766.2596	-289.5988
598.9036	-920.6833
-60.9302	581.5109
-365.8283	161.3037
-684.4023	-957.594
-829.0507	-529.9106
-537.8463	556.7624
880.5688	681.8766
-345.3106	661.7918
-447.9737	-951.4296
-619.37	-891.4073
41.7306	-898.8319
-269.5914	340.7824
585.8275	-837.1892
966.8026	-298.3936
457.9833	253.6251
754.8269	921.7194
-605.3571	226.4807
-908.7169	-836.8281
170.2331	404.8905
-605.2631	-221.8529
-567.4036	-233.3626
388.4965	-774.4384
-650.257	500.8298
35.3302	-977.1694
861.0301	-848.6342
-664.387	917.0096
660.543	-777.5033
0.1103	-347.4058
259.7409	486.7195
371.0218	889.454
-727.3959	244.7231
509.5452	-495.6827
-50.717	-778.7815
611.3636	978.7857
-485.9697	410.4349
-151.5591	521.7342
782.6022	389.5903
726.3162	-876.4222
223.7694	908.7503
936.2904	-898.1188
374.7717	-627.2297
47.5282	-813.7878
571.3464	-686.7332
587.9055	164.625
244.3798	-288.1044
-280.3802	-314.5573
-806.8129	-554.0311
-525.0433	-281.8718
128.2763	-92.9476
65.7636	-371.342
73.1627	486.7798
825.5818	551.0495
-586.0709	42.269
342.7394	635.9097
-868.7058	706.8249
-612.486	150.0798
177.2707	-644.3599
516.8808	-729.187
-140.1693	127.8579
-43.8435	-358.621
695.7503	-668.633
868.1261	549.0912
500.8962	945.0701
-850.6226	-556.307
216.8904	304.8378
-899.3262	968.762
700.1132	-195.1958
-931.2358	-883.6667
523.9457	510.8962
473.2271	-223.9675
263.3466	-320.0925
237.3446	-776.1373
-24.832	-993.7712
-472.4529	-626.6565
-3.6694	-593.9674
246.047	-711.7861
299.1423	968.1237
-199.5486	931.5834
779.2103	-213.5713
294.6219	-884.0697
-191.8094	-627.5238
489.7691	839.9662
-792.1423	911.6195
-7.6444	-459.4096
830.3263	410.3691
492.1202	812.6408
218.2755	-766.8135
911.6986	942.3396
-936.2491	585.0999
869.802	859.0662
788.5961	157.7804
589.8373	870.7629
-365.4306	-194.5602
99.9377	-622.6065
502.2945	-734.987
-757.037	-54.1663
476.8515	902.731
1.2093	-653.3576
656.3457	812.4497
-155.8757	-820.0982
-756.8203	496.1667
772.6227	-811.1124
-373.4856	444.9783
71.4499	640.5337
822.0849	-889.7514
33.8298	643.5884
3.0791	290.8367
-155.8489	137.4737
-431.2771	468.3976
-330.7746	865.8139
650.7306	-575.2448
-252.6985	240.6482
665.242	-555.5358
-603.9478	928.7933
-265.2894	903.9461
751.6242	275.5199
-678.9788	715.3663
-273.7253	-714.5032
-612.2073	-881.2692
610.8453	-364.4357
-728.1124	-496.8137
485.8083	897.602
-381.0381	988.0405
-567.9868	708.5919
812.271	797.8325
-309.474	-736.0508
252.3976	328.6245
446.6536	-412.0775
-947.2609	596.7747
-835.6744	-807.5133
707.6573	502.7895
695.9032	-956.0023
-803.3242	-986.7929
586.8142	-291.7865
210.185	-761.9353
222.2216	768.3689
-942.4124	908.4694
239.0268	-668.8668
-910.4665	150.9365
363.9122	395.0124
-959.8718	795.1885
876.8228	917.0488
-783.5142	-784.957
148.5081	505.9352
-739.9245	-705.7672
34.4903	-610.6367
581.7002	-134.8594
-523.013	-480.6783
602.137	-594.4846
-721.4106	296.3649
197.8996	988.9011
-219.1462	-224.289
-922.454	828.4642
-385.9215	455.9832
-641.7714	799.8631
-326.5837	-930.0265
819.7245	-674.7472
372.8432	938.3154
-412.3008	-249.2079
297.8479	173.1985
879.662	-714.3888
482.0415	-835.3085
231.5089	963.4479
-293.0551	-645.8067
330.9918	548.9286
-536.4638	61.567
-114.7944	-526.5613
-146.4522	-780.028
630.7381	-856.0843
732.5534	706.3675
-335.8325	163.9653
457.6759	358.2798
-241.5261	777.2333
-148.2974	-325.2688
227.4863	158.6473
-666.1277	-604.629
972.9004	206.5959
482.0811	-616.7041
43.5229	968.424
-976.3317	-698.7923
857.7045	697.8427
-13.1415	755.0847
-139.1476	-464.458
7.6254	-959.6402
514.8344	558.9052
-181.4751	-835.0209
-731.44	-47.8875
-944.6539	801.9396
-310.2889	152.5399
768.843	720.4374
-397.7292	-116.3465
301.1871	706.0742
212.1535	299.4931
361.9503	592.7162
-837.1382	-254.1518
435.3725	587.3165
350.5144	-122.7292
249.6749	-741.6044
-647.4661	-547.0243
777.2472	737.9574
-233.0862	989.9434
794.695	-369.2939
-714.3406	118.011
-566.919	-529.0632
194.5861	594.59
-789.6843	25.5338
717.1235	247.1325
-91.8981	188.4746
726.3184	-344.4621
-772.1351	-30.5592
823.9236	-857.7906
-937.8615	534.0901
650.2201	-709.0754
-419.9943	247.5397
-38.6048	321.3709
48.5968	576.4172
-310.5318	-251.1976
7.7396	826.3359
-916.0547	755.716
-718.2514	-345.4915
58.631	271.6039
-418.1395	-87.54
62.2025	237.9322
700.8241	-77.4353
-71.0776	-603.7461
-91.1636	-400.0558
143.014	474.9754
71.6827	181.4703
-432.3904	268.3359
-18.6633	-680.7276
-809.7796	224.9158
458.2934	-406.5473
-283.3432	-98.4924
265.0203	-268.8843
-508.3765	805.8255
65.2315	-756.7316
-240.4316	656.1598
-590.9033	320.0971
589.1822	576.2949
826.5939	197.0926
-782.1068	-353.6857
53.8436	717.9145
-522.9619	35.9711
493.4967	-668.5447
900.0767	-652.1974
910.6257	-467.8915
692.9231	-122.16
-145.0859	-92.0877
-174.2276	-314.7156
-352.5274	-416.106
780.2106	-748.2846
894.4644	-112.253
529.9586	923.1194
-8.384	385.9696
725.683	350.725
-358.9299	394.0629
431.0701	-845.5263
-643.0554	740.4064
730.0665	455.7031
711.3032	-900.834
491.2673	-384.5531
-468.2902	-543.1912
377.6174	-658.3392
28.2071	737.2373
66.0193	-868.5743
474.442	-521.9394
522.0656	313.6681
260.1489	416.616
606.2793	-145.9147
-64.2426	-704.3344
386.3129	424.8729
15.6338	-761.5896
19.6736	825.5602
867.9363	26.0768
372.7484	-256.4231
511.6118	387.1144
-817.6964	-534.2039
-501.9904	986.8926
-954.7	616.9315
-736.5787	770.8547
-60.5275	580.7083
132.4438	848.6418
-87.0856	-995.754
501.3949	-693.7122
324.2698	-243.6239
-721.4203	733.5646
-55.1447	-260.0383
93.5189	-600.0212
274.843	-133.2611
864.0563	199.7405
-362.5043	-312.2039
902.1976	-429.0354
146.7207	-978.9874
-257.3958	769.8982
-191.838	478.1752
315.2132	-457.7385
399.175	-902.6303
-570.1451	-402.4702
-58.4171	-738.3167
744.6777	322.4385
-966.9992	542.1834
837.4756	729.4262
803.3079	437.2106
-613.1996	581.0871
-463.1691	864.2425
386.3487	607.6424
-459.5631	-351.4875
205.1803	-506.8526
-370.9771	-73.6836
52.2124	775.0619
-902.6038	212.7743
212.6412	538.2204
-838.6683	-947.3983
-135.6518	-133.9692
-442.1249	-43.8755
581.2103	-200.1743
-795.6411	266.578
758.3846	-90.4275
-96.5008	174.1419
-427.695	-791.9765
723.6509	451.2176
-944.81	745.196
-289.255	-13.6237
769.1059	188.7158
359.5522	729.6129
197.2912	-186.349
145.4846	171.8233
619.6009	-411.3037
-477.8733	-535.13
976.9593	743.3286
-835.6905	723.7172
525.7401	475.8011
-677.3517	-605.7954
641.5389	-362.7925
140.9116	-374.9982
573.2653	749.224
-502.678	-314.6971
-901.8753	885.2099
-920.3535	-505.5553
94.7697	-234.4819
421.7458	566.6686
657.9175	598.8697
104.0546	632.2873
-80.544	-226.4262
-746.9478	-598.8588
-738.8718	189.3963
-219.7625	19.5042
185.1784	175.6367
-327.1725	-9.9946
-382.6295	-53.9984
438.5151	916.5979
-291.566	-797.3665
584.0472	610.3718
83.4358	-390.7562
633.5501	683.9064
619.1157	-837.5345
-175.7705	-280.112
-413.8534	368.4963
437.3727	331.0704
-116.3216	-804.3692
407.4007	-979.1499
78.3562	-381.5805
866.9285	-145.7771
66.5287	-330.1676
3.3381	-463.0021
205.0617	480.3608
496.6503	-883.276
-227.2803	405.1184
-765.4731	81.7272
899.646	19.6369
464.7771	-194.5623
678.6368	879.4402
414.9313	253.3999
-40.9956	-819.4111
529.6394	-108.1928
355.061	485.1704
409.3732	698.4183
337.2389	421.9081
565.8427	-465.5685
24.8123	999.0118
889.7354	-396.9005
-411.967	331.7634
-723.2242	-682.9272
-61.4944	847.2912
217.5153	-675.2346
-362.6576	671.6034
24.1287	983.804
538.1894	-674.1706
98.3831	-561.9422
673.4495	-876.2351
-277.3344	-295.8974
-124.6038	-56.1141
-359.5856	-217.8602
29.3016	768.6371
304.1949	-761.7128
275.2228	467.8885
-405.0404	855.5287
858.0156	912.3937
351.3958	-790.3096
-438.2628	-588.7923
-727.5751	-485.3237
-860.6417	823.7613
-296.9389	513.6481
-915.0137	-467.2289
-855.9722	379.3809
-349.5744	501.2142
382.6209	771.0581
-265.057	281.3859
-579.8392	177.3308
28.375	138.144
-299.8534	469.0325
947.2212	-540.6712
-364.6886	-912.325
21.7816	-815.3892
-964.7808	214.0959
966.247	493.7801
-778.9854	531.2592
-719.2967	407.7573
-491.3712	164.9545
631.9366	32.7592
79.2773	-564.876
232.0391	557.6997
487.317	-95.1459
-980.2419	322.5824
-754.4757	324.4969
542.0484	-120.4816
332.435	929.5922
-64.3466	211.2589
-946.4135	-243.9449
-667.3258	-809.7868
664.4375	293.7861
-333.6364	-229.4842
-456.3856	-560.4882
-335.925	479.9773
-429.5461	749.3033
-389.8763	265.2988
180.2852	-529.7963
-271.0957	-519.7748
769.5819	473.5536
-998.7309	137.8126
-237.9281	-972.4409
-35.3843	234.006
-239.1716	-700.5902
-838.9908	-762.1144
745.0709	554.6767
462.8116	-120.123
662.847	-505.5297
17.844	634.4475
83.3783	663.0226
214.504	-862.7893
978.6284	427.0942
104.0241	497.7046
-531.9216	210.7167
-111.3897	303.287
491.7332	292.7274
218.4551	157.7986
-781.1816	825.0571
326.5008	-282.0114
42.7138	-670.5694
-561.1737	-753.0228
-255.5413	682.5063
786.5808	-976.838
413.8634	325.1407
98.1466	184.86
970.5014	-510.0594
735.4621	-30.7851
500.3143	192.3028
-296.6807	-621.7587
-986.2154	522.3823
760.1452	274.6727
-36.9176	592.3327
45.6312	-682.9641
148.823	-191.2987
603.8496	217.053
221.5577	-227.3393
-969.3849	-376.8519
295.3841	256.7949
950.9819	238.5433
875.852	839.2577
-415.209	-110.1702
96.2705	716.0787
904.3337	226.3771
924.9561	-476.941
7.1001	58.642
-725.2857	33.1758
-486.3795	13.0482
-805.9303	463.9364
411.9006	577.7197
110.9877	947.4546
-325.8544	-839.5036
807.9318	-616.3909
-871.1423	-477.2989
58.8893	-467.4715
677.9521	587.6096
383.4952	-975.1743
191.4762	-31.767
580.148	486.3348
-295.8441	-674.9935
240.3586	-590.0163
945.0092	725.6097
-595.6141	122.9103
-746.7589	-583.2975
-528.3402	-319.4653
-292.4469	140.1
-90.9168	-252.8305
-31.7651	69.8771
511.763	-343.0063
-1.902	165.9309
470.6375	527.5888
426.2465	955.0011
423.6852	394.2929
673.3288	-473.4789
-199.4494	-309.5978
944.2109	-225.6129
217.6711	951.6404
-289.9843	-224.2248
-565.0878	783.5352
-416.4296	-627.1671
118.9511	243.0525
235.5417	-230.0422
934.5178	506.1075
397.8405	-507.6612
510.5954	-844.8999
-950.3619	617.5839
600.7156	-948.0343
198.5785	-245.1419
-441.6606	-251.0231
-313.2115	-380.1727
276.2882	-740.0419
-100.0419	50.9443
-59.3046	86.7577
233.1065	280.3972
718.376	-928.8221
-421.2482	888.1445
656.501	584.2382
378.7671	-539.89
650.3332	-988.9447
110.7969	-353.1534
-311.354	-317.1281
-535.4137	167.0423
-152.2781	-231.8491
384.3646	755.4506
320.4821	800.0969
13.6779	-967.2432
-824.3988	830.3004
-974.977	943.9975
-729.7383	-675.3992
-11.3322	891.5476
-34.7627	211.0332
980.8479	-581.0864
929.93	-475.5321
-481.3354	-565.2945
-239.0118	-492.4644
-398.7248	-390.7438
-517.6582	-727.3508
99.5698	-137.419
-639.7609	-181.3399
-656.1576	-830.0863
810.8754	-878.3395
-682.0186	-598.8767
173.961	847.4607
-963.353	298.1938
-334.4979	-100.0998
822.6903	41.7606
-606.5511	-263.8445
443.5133	-769.4801
817.6332	960.7406
-176.0807	704.97
301.9344	-850.5389
388.4381	-164.6163
-83.6767	781.0102
-678.5962	290.1049
158.2707	20.5394
25.5213	-227.9578
714.0751	800.1261
-154.4699	-566.5578
-155.252	-55.1626
-975.5187	-857.4417
116.4482	893.6329
-737.1171	340.4918
253.0543	-445.4612
-510.5632	531.6116
-419.762	-847.9014
872.0917	153.1704
63.0849	446.3595
418.0376	131.8017
-291.2033	578.6854
-287.97	-825.7895
-157.3793	-346.0489
618.5843	130.5901
740.7357	-416.1402
329.0963	117.6844
124.1567	-877.863
327.9366	402.0119
-350.8512	880.7244
-729.0738	437.1941
-677.4204	-765.8574
222.5905	-566.3309
-916.9128	-248.4559
362.4214	-254.861
-962.596	-315.8341
377.1278	543.9516
-553.8446	-918.9899
773.9554	243.0259
726.7989	-883.9244
-677.5897	-373.118
-345.5104	-6.6563
944.4321	-227.3625
965.4478	280.8616
297.3594	886.71
-337.7418	-753.7944
865.0359	-285.1896
-448.853	647.1848
602.4149	354.4094
-979.646	-717.5366
523.631	-768.7008
948.5222	125.3071
397.1542	-537.5033
-21.077	850.4213
907.333	547.9482
-587.8617	-231.2493
360.7258	769.1689
678.3192	54.1266
-632.7364	260.7763
579.4495	339.9347
167.7559	252.3378
438.5959	934.437
317.7573	504.1614
30.9708	-626.232
280.6317	-185.271
-542.4636	-920.1494
475.7593	-898.6596
174.1089	-996.2421
-654.8104	254.194
723.3967	167.455
-348.6233	-234.2686
-390.6949	-378.8967
142.6993	571.9829
393.5713	548.383
-230.8805	-243.6083
-956.9241	80.552
-264.1929	775.3973
-339.2897	-836.4039
-257.1329	-453.7103
-370.8641	409.7858
372.803	-99.2339
-818.9334	169.3241
228.3631	-913.9811
375.3531	539.8607
-459.4255	-345.494
-213.8461	-523.5408
168.349	-589.7876
479.0264	-121.3776
519.5695	-523.3485
463.0455	229.9287
941.2431	14.7966
-945.1143	864.8226
29.9036	-837.3796
772.5565	-930.2325
-427.3698	17.627
456.7891	926.8539
589.6795	-602.5655
-839.7878	-828.1756
-487.9457	540.0162
345.948	-182.7917
102.3712	890.4046
-506.44	-110.0878
-108.6469	846.5024
-752.8741	-769.8962
-590.1643	-134.5688
517.8053	-149.9505
87.5971	915.3393
337.158	-717.2857
648.7176	-158.5201
-39.7938	-246.9351
789.2567	-633.1947
-505.0249	-933.2352
-149.7921	12.2128
-71.5111	872.5346
113.6503	-728.27
-756.3218	-193.2374
-812.2904	275.6691
-457.1305	122.0286
-790.4877	181.5766
313.2677	-608.3302
31.359	-537.1102
-69.1592	-985.5712
513.731	-394.9929
-719.7834	-96.8519
-213.9032	822.7282
-58.1736	935.8045
423.9314	-355.5321
-294.1519	664.4008
-795.8238	-769.3407
692.7822	388.0469
-357.6832	-569.0004
-774.3336	-742.4073
-486.7637	361.651
880.8126	-543.1045
151.5679	-579.2773
353.2004	-968.5643
903.2296	152.4743
909.1186	184.0233
-642.3018	-89.6851
-505.0222	305.0529
-746.3267	598.8235
-567.1495	930.0705
846.2628	847.1466
-162.1934	-424.5069
848.0814	-527.136
-467.0971	582.2604
997.6916	359.5615
304.8608	662.3788
-955.0934	994.7963
-915.9427	-435.3234
-385.4155	-651.1033
280.001	-272.3749
-70.0614	483.0362
-259.682	507.1387
501.8736	868.8384
366.5925	294.9243
106.139	879.8879
-17.0204	-113.4271
766.479	-274.7264
-449.4405	-779.4977
719.7902	-154.0467
-236.9334	-985.6265
20.4461	-500.3128
528.91	886.3699
-373.8633	443.6463
81.7291	-796.4825
-401.1851	-267.5884
888.614	821.8262
-114.9856	949.7457
-123.1999	467.9945
-967.458	21.1434
-39.7659	881.2148
-709.5708	321.1788
454.5921	-816.3365
-495.8332	-805.358
-593.5709	999.7841
915.6113	-860.8789
222.2423	-966.1615
580.2737	-520.7197
-3.5181	566.0641
-331.747	-782.1519
-823.5662	-534.0679
572.318	-68.9966
-686.2502	-787.412
-58.515	-252.6483
-425.6874	670.5447
-638.2656	-120.7077
559.4553	887.7363
-980.3098	821.5236
773.751	442.6598
10.2642	-999.1383
-812.4805	-396.0722
-747.3401	-707.5202
135.081	-835.5285
238.0526	22.9081
-918.0112	849.6512
-333.7418	436.0862
742.6517	819.1171
-684.2502	-347.5202
-194.5673	-364.2688
-156.8497	-105.223
144.2382	-28.9928
786.2204	-273.9499
120.2779	707.4813
-298.1534	624.3075
726.3813	963.0279
77.8741	676.1331
154.9767	194.6937
-273.4972	-14.8198
228.3549	159.1137
-834.7934	33.9159
554.4114	-84.7564
681.8176	-649.1919
-709.3949	-857.8609
651.9954	-421.6921
988.076	-931.162
83.0208	192.1806
530.4866	-838.6593
357.9174	-205.9435
860.5773	574.599
-537.7321	-641.436
-272.0648	729.144
-582.8184	381.5786
-210.3708	387.6068
24.9775	-999.4234
-213.4543	-374.6299
610.9626	-356.9077
750.1151	186.1799
569.9822	-459.4757
640.2371	-976.7915
-816.1935	603.1154
972.63	-540.9039
500.2361	959.3354
-286.4311	76.7053
65.9469	39.7204
-104.1101	790.287
807.5358	-195.3293
870.6601	107.2257
479.2412	148.5508
-527.3008	-162.511
418.4525	40.4163
-244.5563	-996.9698
581.6884	-12.4827
-238.5347	-483.7496
-51.0303	-42.9123
-644.4038	729.886
-43.0883	623.893
-565.3334	-718.4539
-463.2509	488.4982
855.6713	-377.1263
411.3131	-391.1175
738.5141	706.4808
-432.071	523.7253
-382.8245	941.5779
176.9461	-374.5792
-697.1296	-357.9459
-812.5174	-887.9338
555.5527	-791.891
735.941	-506.0111
843.9039	808.197
687.7622	332.284
-783.285	-512.4377
913.4267	510.0817
695.256	976.1214
222.909	639.6572
179.0732	-436.0935
-519.8942	620.0039
835.5342	-329.2119
307.9077	118.6799
475.3444	-940.4619
913.0678	-752.9735
832.1029	916.1888
553.1989	-308.994
-398.8169	393.4241
-649.4714	523.1422
-862.7616	794.9196
813.5737	376.8233
759.0205	479.1304
-152.8972	354.6665
-841.8807	388.8119
-914.5267	-99.4814
-967.6439	-795.2866
-225.4934	24.2804
-281.5218	-144.6004
-962.0924	-641.8884
437.0042	503.5703
-499.0671	-678.6906
-619.1966	551.863
14.6241	978.9026
-275.4692	60.6266
-68.0413	-604.4793
-702.5395	-90.0451
632.1588	-531.5315
27.764	393.4047
-81.3626	-399.5467
-224.1409	-236.8155
-618.7629	-105.8608
479.0509	-146.0656
652.0533	498.8126
-709.3092	-826.4107
-872.2936	565.4435
278.7538	-407.1715
347.4574	-41.9158
110.8971	-955.283
-543.011	187.8795
-794.418	-88.3099
-251.1381	752.3629
-461.4849	-151.3886
-785.9326	681.6413
21.1403	-113.2639
-729.6756	-242.1898
-4.9603	-844.7966
-693.1739	867.3531
493.5125	356.5671
290.9633	-131.8953
-232.6005	48.5095
98.1079	-262.5331
-929.2872	-162.7802
-940.2188	-801.9007
25.4225	-445.9724
71.565	168.7953
440.8281	-835.5192
-516.9491	604.5536
-725.2938	421.5151
701.9794	-885.9032
-275.2646	74.9124
-400.2883	-351.5152
871.8914	-217.1326
-250.6707	-613.9441
117.8351	-97.5097
595.3483	-237.5365
931.6669	555.8143
-209.7828	336.8953
-301.5826	-200.5154
-885.2361	718.761
-574.6547	-989.8999
-692.5316	621.9833
352.8513	588.4116
-248.3478	854.8869
755.9469	18.2882
328.4421	-947.5579
516.4323	695.0361
-41.4768	377.0638
178.1735	-781.0777
744.0732	-208.1975
626.3671	-691.9256
-504.9848	-967.1403
-974.3035	-844.6478
-462.9612	-224.5971
-643.5801	-71.9456
-754.9463	-21.9042
-300.3447	456.545
639.3912	268.3251
-700.952	321.9943
542.3448	-382.4622
-753.2741	-147.7337
510.089	27.8349
-843.7382	-265.8771
-549.3498	298.5891
-50.762	277.9395
-155.7425	280.5897
735.5096	-770.3605
-742.0824	-151.6743
39.9134	180.1182
586.8987	-555.4797
-523.3294	603.2544
-234.4569	547.1872
626.1524	-228.7026
-224.462	887.8798
-148.5276	242.5928
890.4339	571.8118
-631.5982	423.2291
464.7888	396.1052
192.8819	-298.9802
-858.3983	-424.7423
-955.3354	-608.5185
-367.4027	194.3486
34.743	520.4798
-442.7788	557.5816
226.9679	448.3942
796.1891	-227.9267
611.6918	987.146
535.5371	-874.4754
-468.5031	942.8646
-702.4906	-999.4158
14.4717	-546.614
139.0022	491.3202
-360.9799	-515.4102
372.2121	730.3468
749.3917	-473.0837
-167.4151	187.8303
281.2807	125.1437
-659.7275	-917.0776
-973.2545	-847.4598
269.4947	789.2288
-883.6868	-752.75
157.4325	727.272
530.8103	-514.4563
978.2059	974.6875
989.4259	507.9729
-713.6781	997.0153
908.4162	134.3643
879.2808	792.296
544.2518	-976.9941
406.2969	595.4028
815.122	-203.5998
321.0912	568.5072
322.6029	398.4857
34.6657	-995.3431
477.9702	639.9018
890.4241	-795.0042
543.2608	697.3423
247.0042	-956.5033
463.6999	342.0746
-543.7391	-645.6442
-751.0914	-158.5195
-920.8132	-699.8213
-645.6034	-184.9894
223.1007	705.2606
-836.5805	312.9729
742.3218	-391.1059
-526.1592	277.41
-519.178	-369.6481
-123.5471	-990.6617
228.6616	893.2491
818.2018	400.0958
722.252	-444.0095
526.5118	249.9069
-136.4753	452.7313
-56.7477	-344.1453
-879.6875	-294.9433
-525.633	820.9991
-732.1664	-310.2628
751.4806	230.8435
783.7726	-99.3331
-67.7676	879.3268
897.4843	918.9221
-648.5828	436.1393
354.9429	-800.1787
-786.1981	-728.1748
566.0647	150.1171
22.1156	-918.8622
185.5691	-668.2419
-577.9231	-406.1095
-423.7442	265.5143
363.7254	750.1259
-298.8873	-369.0922
-8.376	-286.0487
-236.1904	-475.8556
-479.182	904.4931
65.4717	941.7994
759.417	-905.5571
-825.3075	-115.1417
250.1432	379.1808
351.6349	713.4691
-971.0708	-737.6923
215.1643	-250.6852
7.8318	-329.2542
880.3823	773.3334
-179.0185	-894.3343
928.5989	-188.3812
-695.641	614.505
605.1546	587.9566
-335.1411	847.1724
-169.9984	164.4933
458.1984	-596.4614
935.8934	668.7369
699.1802	-701.6566
765.23	-520.9181
566.7312	376.3752
-493.4302	628.5024
116.7713	419.3576
259.0127	585.6673
11.2504	-692.0525
342.929	401.8163
423.7899	-698.838
705.8183	9.1536
506.6633	-382.9446
-900.1909	-372.1334
-19.0601	406.9766
894.7418	-994.2691
587.4448	997.1787
-253.2855	-460.1164
782.4332	-317.9869
989.762	746.6141
-691.1303	272.7104
-845.0192	701.5561
-349.9192	904.3933
-413.8097	-703.7133
253.0443	-128.9753
-427.1519	202.1461
-31.6525	127.5329
950.0004	-200.4575
-945.532	-120.1939
-985.524	452.7082
618.1412	-273.38
-652.0079	-104.0389
-636.4554	-749.4035
29.2428	-861.3028
524.2468	-944.2213
756.592	480.7902
-492.6885	-597.0473
828.1784	484.9277
435.7226	-640.2513
955.404	413.8039
154.6803	596.279
96.2704	-548.4033
-868.4733	347.897
-134.7158	-488.6087
472.9518	677.6082
342.2388	458.4687
-534.8974	-101.9241
-797.0036	-397.3965
72.783	1.8972
1.9154	793.9123
-839.698	-772.3229
-571.2261	-614.4388
-97.6598	536.2425
461.7357	963.8469
857.2243	768.0531
-733.5811	-104.4241
-889.5505	-562.0559
618.3374	556.9188
